20959 -45628 7661 -4327 39585 23417 1277 -37296 -5995 -3781
16031 46106 -3257 49205 12247 -897 -4105 -905 42795 -49386
1736 8837 38081 3521 -9494 25407 43876 -34396 18936 -20295
-30238 -7049 -49926 -10983 15837 33415 29260 12832 22834 -39695
18742 -10626 47914 6504 36607 -3655 -42221 -15092 45785 28542
47961 -37947 9765 -10389 38433 35021 7307 -17436 -178 31726
34951 -7822 45785 21028 -11156 -41679 -28772 -39511 -10874 36721
-10225 -36672 -25593 919 -38159 -48319 -25926 -41688 15850 42359
42281 -4165 -44020 -28810 -30574 6901 3877 -6890 19842 21242
-46866 -30245 -47227 15128 47607 49587 -19342 47522 32278 -38366
9303 8452 4368 -31631 -30373 -6760 1260 -33450 19544 -238
-46824 36221 -47945 31773 23420 -3952 -36074 -32580 -36369 -21312
24523 -37285 24715 43664 36234 26713 -42837 43651 2049 -9314
-26278 2676 43535 -3885 24196 -46183 12525 8709 3173 -6284
-291 -37012 -28811 -25769 -21030 -15162 -47137 34972 13509 -92
-24118 7043 8179 -2571 45208 -13876 4276 26365 1726 22014
29423 41340 -3373 24283 -25246 -19942 -20852 -3236 -47801 21171
35909 30840 -21333 41193 20990 37599 -16316 -45463 -18520 23047
-13254 -41701 32827 16272 6620 33833 -49982 -48665 -27084 -49534
45561 -47016 2071 -11293 21847 7139 32205 14517 27478 -25665