-23876 -13911 -8603 -47505 21788 -37558 -17012 13202 7383 -1539 -30471 30797 29859 -19882 46794
13350 -33541 441 33240 18468 40114 19636 3174 49740 -13140 -36024 -26637 -14174 22057 1421
-328 37836 -7116 2502 6954 45774 8129 -30846 43437 -41394 -41433 38740 45642 -262 27952
-3562 -42244 -12518 -1689 11622 20129 -35540 -9562 -29261 -27764 47588 -33727 -8142 28839 18645
1914 41567 -3447 37571 30921 -2065 -45813 -48185 -32163 -48189 19758 -16681 7677 34260 -1388
37720 -42592 39056 -42514 15188 40363 19522 42169 25340 21149 -3064 21155 85 1206 -38258
9581 12250 48527 33056 -8873 5015 46575 9080 20231 -31954 -11 -37843 6803 7067 32632
-36569 36922 -10494 30421 6034 35017 43333 38165 -11725 36970 -40424 -28312 -20122 25099 47585
-13410 35103 -16494 13170 -20892 42089 -18407 37612 28178 44409 -1675 -10251 -30172 26498 -29770
-8322 -10487 35576 -25001 -32093 -1980 11794 -44101 37436 45226 40004 39801 47675 -22821 -14810
47887 3722 -30458 14998 -32308 14356 47600 20904 -45213 -16912
44054 32899 -26836 48407 26329 -20943 25673 12363 -25592 17089
45102 8003 -5529 41691 31393 38222 -46104 -2859 -39715 -28845
39699 33895 -23297 -3633 -40156 -46375 2446 -11336 -17612 12369
-32216 3171 35451 27354 -31067 -9036 7634 9897 -46187 43691
43916 -16052 13243 49086 -26430 -23425 -30633 -13351 -23039 13000
-47171 48329 14774 -47489 29620 -25024 -44743 -32640 36096 34010
-33540 13594 24958 46077 34152 -714 38990 -6091 -24976 49505
11200 -19183 30785 36087 -38326 46329 35413 30748 -46368 -37663
33683 -15360 -46424 18527 38227 33230 -19152 -16076 -5089 23501
-17826 5441 -21018 40071 -38256
29536 -47081 19327 298 43464
-24906 18496 -1482 18958 304
39399 -42037 -20234 -17549 -25081
33089 -33482 43105 -11265 -47025
-7264 39070 19737 -33483 41919
1263 -47564 14467 -44737 48078
-40349 11150 -16536 -30081 -2493
-22441 -5818 -18311 21670 2044
-33304 -9853 -1069 -35401 21455