-41400 29381 -1506 -40488 -46199 -19714 45139 -30838 34083 18580 -32552 -14455 -1673 -15001 -34504 -15853 -37805 43256 40607 672
27563 18561 47546 -11626 -33864 -1033 -15230 -4385 -35144 -39602 49538 -46767 25653 -11841 20863 39611 -44172 -47619 5444 28803
-20567 27632 4806 -10750 -30075 -43070 37589 14104 45388 26293 47625 -4447 48716 -8128 12560 -36786 -27020 62 45995 -929
31260 -31360 6255 49783 -28385 -42780 27766 17355 41670 1653 -30248 -23285 27653 43463 -22224 -34291 -16966 -43183 -18410 -47307
-8496 -10160 -30983 45800 -33144 43347 41073 -39401 -43460 -44596 -44874 21841 -40915 -21778 -8986 -13738 29046 24323 -28526 -16175
-20125 38085 -20296 -32164 -12115 -23372 -9798 -29416 -1873 14792 26250 -47556 -6136 24577 -27116 42542 16370 17416 7390 -12910
30822 -6872 -15605 32927 16795 -30978 -19858 -13986 -37500 31324 9230 -38106 -29355 -18589 36799 43410 41227 -1555 -24136 15506
7679 -11216 -15567 28247 -29776 10303 -17560 -35587 46560 -43959 22597 -41625 -178 -43786 539 24013 41362 43114 -5320 -1936
-4712 12792 47040 43022 -25141 -10127 27661 22492 -12675 -11666 12031 25094 -42236 10801 43600 7844 -37255 -33037 17750 -20982
8032 39522 -14836 -26714 -35897 25601 19912 8066 1715 -8563 29382 -27965 -36342 -6097 49342 16790 26087 35277 26198 -4683
19111 33492 -427 -41635 12296 -1062 23336 -48028 30364 13730 31418 3072 -4834 12397 20767 38001 -11013 43034 -16141 -14311
6927 -23730 -4362 42576 10457 -3629 -16851 -42954 -9993 12484 31118 24342 30539 18192 -14634 -8660 4669 5545 -43698 -3000
-7325 -44455 37120 35880 19151 15847 13745 -42356 27719 49059 18339 -13209 -16956 27095 11730 -29191 46359 25274 -2023 12040
-41073 -12596 -33179 17758 -6237 -8596 -6824 2975 31492 -30875 3116 20894 28720 11975 -345 23025 38435 -46822 45379 7122
-43899 -10920 950 -27241 -13689 -32359 -13953 38235 32330 -30054 11845 -26035 -7207 15558 5845 18035 -49045 23929 -46797 40601
34596 6271 -38141 -38623 -6522 3463 -18321 -14081 -22515 2724 21715 42300 44269 16619 -36214 1567 -43064 -41233 -37510 49236
11603 35015 -37221 47541 -48143 47865 28466 -45848 21112 45805 -18486 40443 -12523 24315 -28406 1325 29278 -49173 38374 -27486
2664 -44906 13235 48237 4677 -204 -36065 -30646 -17947 -30466 2225 -34805 19027 -36089 25361 4667 10393 25392 -5752 -37519
48135 -9515 -8501 28237 37918 6038 43372 41615 24416 -4993 734 -27319 2727 -48082 40949 -31593 -17223 4716 5626 32885
8448 34744 28080 -25596 -37969 37817 41170 48462 -13778 46947 -42471 -16261 -13276 7118 1903 -28346 41145 33770 43377 2469