24285 31195 -35573 -11446 -42412 -9044 -36368 -9819 -28428 -35540 -45420 22482 8903 -20641 49611 34496 -25444 -3043 -29159 27791
14128 6434 -27972 -18246 -17282 49348 3487 27775 23079 -23897 -35086 42686 4090 14047 -9185 41371 -45259 31584 -49414 26183
-27725 -35430 40381 -850 -10985 12226 -4246 -35277 34450 32517 47163 6008 -7380 29404 46984 -32380 29064 19642 -34751 37444
-31827 -42857 38857 32398 26399 -12767 -29778 11470 -36360 16243 -9622 -35058 49138 2878 -29362 34115 4434 6792 38258 -15068
-21531 -47455 15804 40015 23495 6874 -46718 16478 19825 46616 36891 -3941 -38755 -26856 30311 -26690 44279 45662 -10036 19416
35717 -12905 -21891 5872 -23653 -37210 -11479 -46283 -18366 14965 21458 -20482 -35949 28690 -43550 34754 19607 14163 -43225 16259
-14089 3662 -48509 18839 -23243 43412 37817 16255 -6606 37018 -156 44162 1320 -5761 -41330 -34535 -43645 33654 -4891 -10379
-37946 -5715 -17498 -30957 11910 3274 -9512 -14826 10870 -21043 33317 6433 37169 -12205 -25947 -13201 49825 -45782 28245 -19191
-35014 -30453 -8936 -43589 15282 -21665 -39700 -11916 47744 10069 -36536 44565 36629 -12919 38638 45042 -4314 -19023 -1656 5944
-15080 388 -35872 -25343 -16953 -32607 -9537 39228 -47013 28615 -49022 -42860 -47447 -42694 -49918 -19733 -40240 37412 31610 -19375
-33728 27599 16134 35557 -12630 40331 -31115 -32362 39670 -16003 -48895 5656 -29050 -36049 28575 -12821 10336 -1997 -32159 -36002
3844 -44912 -18502 -20257 886 -22913 -20583 39764 -31833 3838 35273 -3649 -46582 20277 -4705 -4266 4204 27149 19572 30908
42842 14402 -23576 13937 -41079 -3301 -11599 17828 25794 47697 -45556 13450 -21833 -29506 -48987 -25689 -29282 32055 32166 32038
-3450 -48493 -40210 -30022 -30005 26879 8438 -27841 795 9383 3453 38919 467 14013 34373 -37205 45682 41115 -41744 -14848
22103 8720 10073 27327 -24616 17343 -792 8982 -15123 -25272 7114 -19114 2449 -12390 22188 -35408 -5263 -31887 13596 30751
-11698 44204 26470 20150 44907 47687 45218 23336 -35701 -23495 31511 -30388 -21685 -47250 -20799 6654 39215 18431 11243 48333
12967 -30085 19854 -24701 -23885 -18195 -25931 44633 -42979 22354 -1943 -19278 -35615 16688 -36133 -29745 49838 -13186 -47589 41426
-27660 -13195 -11414 -48522 -2214 -36715 42660 23256 47031 25953 45263 3308 46817 -28191 -34394 -32502 9942 -40000 -42230 -3564
49507 42055 -19311 2114 -14107 5591 -22508 1151 566 -49562 -38319 -29374 -29736 24866 18823 -36368 10624 -42776 18183 39256
30583 15200 -8892 -49724 -40920 -41291 -26215 -27306 1612 -38095 -43602 -21798 18241 48937 6297 28855 -7688 25165 -40331 -33726
-30701 -21268 47089 8675 38561
25487 27061 -32988 -42004 -35314
-21905 41449 40558 1322 36171
-21181 5773 -20828 -34616 -44673
-49347 34240 -282 48115 49026
-120 -7374 -29975 36583 -20952
28859 -4204 15181 -47320 -28709
-38261 -30396 24004 49071 32512
-11480 39689 -5177 -13361 46021
-9527 1441 33503 49537 -23797
35314 16166 4641 5641 -20709
13776 1425 3453 -26969 -10797
22083 -2237 35018 44179 13573
42866 -24172 38489 -1219 47043
-23186 -36664 14848 -47634 20723
25488 24679 -41454 -16190 -48954
-17701 42504 -33976 -39021 4459
-38242 -45729 2374 -31107 -46416
-12494 30456 32898 31701 35413
-27408 17269 -24208 -32946 -44394