-14989 13135 21501 23352 -16791 32708 -37774 -517 41687 -37378 3686 7303 12407 -17189 19921 -33530 -188 -46365 -11717 -21488
-46539 -8257 -24483 32522 -45777 -31357 36348 15604 12802 34619 11694 -20794 40819 -30437 -20998 8946 35200 -18929 -30153 -607
-6525 -39485 -22481 38448 277 -14610 -42738 -15445 7824 19561 -35615 -5252 -14567 4355 19700 -48107 -38211 49874 -23501 -44680
26820 -14266 18454 -37679 1426 22245 18904 3642 -8522 -20990 -34958 -6607 -40022 45546 -7795 -32846 20909 42013 13941 25627
-35033 -44407 -5811 20776 -40768 18067 14519 22228 9360 -2893 -31197 23331 44862 -7131 24958 -29314 -25283 -43404 47474 -3477
29216 -27874 -10579 1109 -35273 1555 -48531 25159 -44425 23083 15601 -16689 43136 32200 -28608 3905 -32418 18924 16585 26183
-16784 -11041 -23531 22529 -13544 31209 -16775 -49302 -31674 31370 -20907 -9712 -32340 -32609 20383 34454 3718 40591 -30834 -25033
41081 2036 45307 4132 16874 20149 -26182 -35228 30512 49972 -46579 -536 991 39442 -34286 -34792 23666 12684 -11652 23259
11092 -243 -25282 17707 -38398 -1663 -35953 48845 33497 -22892 -6608 -28877 49582 -34729 24566 45765 20776 -30729 34291 -40975
-32386 -28001 -20543 -17009 46297 28933 32029 -9962 -39467 42188 -2452 -1843 -46417 38280 3961 -16365 43212 38795 24508 -38707
-22937 -10235 -4400 -4514 -1121 15814 -18473 22899 15213 -47025 -48062 44471 -39879 -10587 20605 42760 31962 -17008 -34526 30114
-46397 -2648 -23176 41308 35533 21601 -1935 -10153 7634 43021 39300 28093 -25237 -30588 -45538 38323 5909 -35466 22097 -19604
-27051 -35355 -46251 30667 -10381 49293 42102 480 3280 32968 -12344 -8282 -19639 -27295 28107 15394 16248 -26248 -27130 -42312
-28679 12896 -49721 35600 -17218 -9504 14179 1659 -7364 27682 37667 -31602 -40599 37637 7427 44955 44214 9197 14675 40016
37450 103 47554 2680 6701 -8464 -32209 -24296 35548 -44280 9918 2423 -20204 35429 -20465 4148 20566 26561 -29143 14297
-46160 37654 41566 -32276 15767 11839 -6817 -43243 -8362 -24644 40591 -10742 346 21094 -23475 39571 7520 -27348 8532 24441
23565 36061 -39163 48741 -35047 -11566 -8050 -43271 -28058 16652 38349 -7104 7878 -4219 -47462 30017 -29653 9346 -10349 -15329
47576 -15507 -24164 20325 -45650 25376 2878 -32103 -24213 -34898 -40243 -24772 36168 -26065 -14551 8383 -22504 29658 7767 -10351
3243 -16676 -1342 35634 6345 -6731 -32738 5411 -14993 21543 47776 45500 39313 -42297 17533 -48980 37617 24960 3115 3883
29568 -31536 -1771 41784 49012 9780 -21801 -28712 7444 13660 -7954 17702 34285 -22398 42469 -48083 -21167 -27004 -40816 -23814
-14484 5774 21216 -21158 32361 -2690 22539 -36729 -4943 10389
18390 30071 22058 -8959 34241 -16064 33440 21474 12228 4969
31180 19807 21314 11453 -16241 -24481 -26275 48478 9884 -29699
-39950 6649 22268 1490 -39349 -17567 -14886 -30551 41152 -43884
-37842 -23104 3387 -27665 49089 13015 18190 47610 1928 47490
-35571 5446 20322 -2863 -16187 -32482 17914 -1223 -24880 -8629
49404 15823 31892 15175 -8482 23513 30903 -43151 11138 1431
-16786 35828 -16613 -4519 21458 -6869 16347 23539 -3504 31939
-25259 -20685 40686 31504 -19085 34569 48045 16239 2467 22988
18386 -30750 -25794 28515 43778 -9163 -8680 10274 -6380 -47549
18476 -45420 312 -4674 -16826 35588 12773 -41569 38553 -30944
-15398 49468 41922 7219 38435 27302 46805 -21163 -45568 -29461
-3313 -15148 10527 37532 36544 46628 41662 -45964 -29090 -10686
-3240 -21292 -11805 44476 -48736 46407 -20227 6116 19455 35796
45629 26103 15697 42789 22552 -36932 13366 1270 29899 10774
32044 -24147 35144 40980 40750 2792 26114 -27925 -113 44938
-39899 16399 -27540 39563 2437 13252 25590 -27724 -19665 15580
29797 37136 43593 40868 12501 49653 29833 -32234 25332 39463
42325 27238 34481 -24661 8854 23347 -7720 2415 21791 43921
-44939 -25523 -20758 15743 -1138 31883 -34285 -25333 24639 41596