-23838 6444 -25312 27053 29339 13510 -33475 -12651 -20191 -1457 -37603 17901 7764 -1748 -28077 44139 17901 -1565 -44451 -12390
27716 -38865 16749 -4876 -28767 35449 -7073 -40250 -33249 -8642 34579 8581 15304 20936 -42249 -49628 -34888 -18418 9380 -17077
17584 -6420 -23919 -42008 -36364 -16505 35778 -29773 -14486 -27895 32645 10853 13099 -40812 38766 -40885 4553 -6225 -31112 -48802
25755 -16405 -41338 544 27900 -8362 -4700 41697 24094 11412 -35655 32170 21126 -16331 1732 -23902 -40355 9148 -8318 42840
-32452 -35781 -23516 -5293 -36788 9366 48604 20925 25847 -37738 -43041 10320 25948 8055 -20458 10605 45225 11413 26852 -43983
20297 -23353 -48665 12493 -22174 32511 -28021 37829 33024 -34036 -38229 -2614 -37272 -12985 -25500 31074 43879 -34427 -29137 -11573
10289 30599 8277 9516 -49282 9302 -5445 27172 -26866 15641 -9612 37774 -48598 39574 24681 -15940 34402 -10359 44990 49723
43155 -26655 40359 -23760 10229 -21062 -49113 -42600 -36816 38307 -16737 3187 38450 9407 12422 -29131 -26106 -2177 -36431 -15814
-5758 36422 32852 -26859 7481 -4219 -29317 -21072 -1982 32814 -38819 28849 25818 28548 -28997 -28145 -7360 -48173 43101 -30107
31481 7043 27230 41496 16419 29828 40216 40981 -26755 -16162 -6337 31891 -32527 275 -32170 -25581 6138 -4635 39293 43230
-21054 14390 25351 -19225 -33506 17227 -23613 28098 14964 -3616 -31665 -2296 16818 6535 30199 -6291 -5907 46140 -49998 18445
-27596 -49288 1809 10630 11037 32573 -41917 -25256 46437 8335 41843 -47663 5343 -10270 -33849 47361 18668 -4272 -32249 12270
4381 -6507 35859 -7516 34298 45967 -19397 -17675 -47328 45236 -13273 11162 -14890 34022 -18554 4101 10693 -1635 12372 -12331
46501 -20786 38288 -27995 -30754 13784 -16853 2448 36628 -9077 -41589 -48798 -29828 33267 -3962 45731 382 -49537 -48887 -5277
-24750 21517 44388 -43421 43905 47463 44002 22764 -1234 -14983 -23212 -22578 -25544 -7411 -20046 30403 11892 -35667 -14707 -4827
34617 -1460 11241 22901 -16004 -11547 48478 48680 -33328 443 -49613 -19400 11938 -18645 -7232 -6191 -10628 -23110 -47291 -40794
44168 26907 -42305 -4687 -17290 44584 589 11352 -47756 38995 -21538 31033 -3040 21506 16176 38410 24471 -23943 -8631 -17742
9757 38450 -39380 -29530 -13312 -45905 42569 35778 -35581 -17261 48028 25145 39713 24968 23225 30930 -11939 -30157 14068 18859
47735 -21365 -15220 -31295 -42045 21237 26432 -834 -22687 9560 -45966 -10402 2871 -19734 -39386 -11753 -1682 6984 22362 -104
-22731 -35210 12668 35238 14763 3428 33882 2674 43572 28899 -4567 -26412 -1817 -38957 -5465 -29034 -10654 19540 38009 15192
13255 -14537 29929 -33472 37646 30666 -3414 -38701 -33585 30971
-43412 -16671 -21520 45673 28948 20669 15709 17559 33554 6273
-3133 13204 1139 3099 -14973 -24319 -34454 25357 -9684 22803
-30667 -22516 -44691 -7453 44161 7268 12273 -48961 -27822 1513
1839 -6376 -40110 17651 11405 -14256 -17245 -25543 -46847 3904
37218 -6845 19048 -46394 4035 -8751 6691 -46875 22386 17174
20360 -4901 -18465 34755 -10400 9344 15068 6170 33606 -8963
27033 6389 -26192 -11801 -5837 -865 -2523 47020 -41771 -31717
-867 -36837 19117 26968 965 39074 -45179 -17545 -38310 -2772
-24318 -3091 7508 -40030 18612 -19603 -12009 -47787 7141 46533
-6851 45322 -15130 12746 -27191 -44151 -33991 7708 -49653 -28200
-39155 -18044 -13359 -47028 6453 -3273 -39659 -44010 -5350 5133
46386 17975 17434 42085 36481 -17047 12846 41369 3017 -23129
-12990 14359 -63 -5124 -27559 15528 -27095 -1003 -23752 -10022
44534 -8454 31598 13254 -24267 4356 -27665 -48226 -7637 -7622
-22042 49579 7855 27894 37122 10002 35025 19843 -33693 -17504
1417 -13147 -8832 -9451 -27129 -13595 12850 20728 -34168 -3826
-39726 32500 -10554 -12189 -2437 -32801 28967 -17072 -26996 -3003
35090 -43170 48254 5956 26929 -12153 32680 24903 -14415 43131
-42359 25403 31747 14996 -11549 21193 12901 40151 -44757 958
31277 13804 -49433 -48722 175
-42726 40631 38672 -48654 -10495
4422 -18534 3303 48755 -1595
31334 -30049 -2554 -22075 13983
1680 -31563 -7845 44797 -36452
-18044 -34969 29782 -44567 11145
-32359 44374 48721 16138 2468
45016 -14481 40951 5023 35729
4976 -40909 -30558 41686 -17904
35758 47250 -5201 -32502 -12361
-42867 -35258 36725 25615 17928
-47662 37541 33990 -10834 -32102
-39071 -4046 16091 48656 34607
-31200 16974 -28057 44996 4932
15600 -9129 -1210 -29472 -47628
37042 25010 -33918 -45270 14919
-43366 18128 39462 -6349 25939
-821 44438 49755 44930 46060
-33673 38349 -6740 34023 21223
-44813 29935 4156 8496 16076