12624 -44558 2691 -10236 -21723 -40724 4772 5153 -6610 -24681 -25553 20720 -8254 2586 -42667 34408 36632 -36368 -20019 42420
7199 -21149 -44170 28391 -18343 36216 -24661 -4702 33265 -35570 -4003 -16885 -32685 -34626 24869 34789 9446 -31946 46281 -523
24460 -48834 19340 -25883 -7914 -24223 -24145 17512 -3064 -6831 44316 -11610 -44407 -41136 -14189 -42870 -34897 -28263 -27617 16038
-25559 -5534 40878 -39739 16587 33424 -24413 47551 -15769 42103 18537 9382 -35128 9699 44527 -30957 17512 -30108 -35332 39473
-27365 12689 40229 14142 36610 -5189 -36696 13805 4883 15041 8191 39093 -26875 -4998 -31028 526 -40361 43029 16108 36877
-33107 9784 6840 20745 -49647 29946 26701 -15598 12026 -11071 48835 -49494 -2819 48523 48913 45744 -37397 -27778 15191 -30489
46442 -12357 -16500 9212 32363 -43911 18683 1116 -29826 -35583 26685 -829 -28143 -28901 34132 5633 16096 -37484 -17906 -21357
6512 -9168 14085 48863 -9734 30773 -11054 34958 -24622 39220 36079 -28833 -16663 22852 -2827 -47128 -28232 9986 -18094 9487
45374 -9759 17007 23461 20167 48023 47305 41477 -17492 -48573 42455 43526 469 31792 36281 28208 -19935 -44596 -28750 32476
-8061 -34800 -8152 -34049 -36019 -34588 13913 37825 -31061 17523 28606 27872 -25892 21004 -33334 -4406 5197 29226 41156 -26251
-39665 -2603 25120 46059 31284 -29198 -49987 28757 6105 10817 46212 25702 -17087 -39884 -39534 -40117 49295 -44574 17648 -49909
-34368 5560 -2854 39726 49918 8851 3417 34120 -14107 -445 -40542 -42692 48999 22401 45142 32728 -10166 12131 -20596 -12570
2624 5831 24658 -40657 21652 -21511 26742 -18246 -32514 -37690 -8077 27077 -22923 39689 -19100 18551 42838 -8396 45393 -19507
33405 5368 8423 33099 -19441 47905 -40455 -43586 -45398 6111 -72 -45698 -36732 37638 -25972 -19669 25884 46109 -47686 24306
5456 9703 -40080 2179 30802 32091 -24271 46457 -34142 8490 -25134 -27947 -32304 -36563 -12066 -33302 36702 -6362 45988 42272
-2204 13729 -12444 46203 -36760 -28099 30434 -14377 -22647 -41608 -34798 -19836 -30355 -30834 27164 -23275 -26596 11505 4721 38222
36611 37810 -27056 39192 -21783 1910 -23657 45815 -40929 9662 -3363 27197 19382 23074 -16286 45780 -49052 -44244 -39530 -35326
8107 22835 -11336 43276 -28037 35940 -30079 26520 -36613 -40357 20165 -18802 -46855 801 -17148 -1665 -32546 10098 42500 -49358
-20258 17193 12969 -1258 35203 35128 18783 3187 21084 44669 -39723 39886 20346 8627 13438 7267 28781 -46069 -29649 -28053
-47405 -37013 -44606 -299 -26266 -9271 -44787 -36322 -34082 -23511 -6283 31801 17118 40155 -16410 -39931 -49251 26234 22478 -9255
-4136 -24704 523 -41184 -36651 -6525 -32591 -11444 39821 34396 23880 -29502 15616 714 49709 -45968 11545 24249 33162 -4508
-30094 -37039 38997 6544 -7871 49856 -8325 -12031 40284 -19535 -25263 3727 30495 -48451 407 30083 46519 -19104 12184 48410
-16614 26806 -6076 28056 19624 21809 -15890 1798 16886 -1932 26787 2777 -36596 -31566 -38426 -45496 -42349 5436 26538 39974
-23870 19762 -110 39642 40771 -13998 31448 -34257 -21179 38061 -46439 23425 -31808 1996 13549 45814 20784 -37416 35808 8587
24088 6583 -16176 4890 22125 24892 -33981 -31377 48792 -6873 -47668 48693 42955 -30067 951 -38067 36366 -48107 -48964 2829
-41648 -532 -49958 -13988 5764 -21342 19940 9228 10530 -12510 27825 -32442 -45919 -31814 48092 1724 -21131 -2297 -14273 -29777
-42228 -34903 -43738 -47579 45465 -43555 22474 22622 30543 -32362 -46427 11274 -40800 43195 -11209 4517 -45527 22159 43736 30942
25351 -17061 -49332 -46411 -18461 4476 15795 16316 -13129 5088 28954 44972 -27754 -18577 -13038 21826 -925 -43459 39843 22693
-39562 4443 -42587 -7726 -41893 25355 37423 -40399 46036 -44360 13355 33667 21368 43676 18886 -17839 27927 -26528 -24238 44927
4606 27336 14912 -33553 13383 -48523 23507 40401 22610 -47234 35861 40966 -36946 -41354 -45618 -22025 37699 22138 -45207 -45447
33996 26842 -11795 18406 21170 -26703 -23101 8104 -28885 -4758 -29364 -35735 -4692 -1364 31941 -25548 13724 -21745 -2478 -11698
17406 11026 24043 -23666 -41377 -34006 -39449 -39141 43930 8534 4445 3237 -26611 -25629 45466 33643 -10640 44672 -25292 -26547
30799 -22841 -45298 22298 -24897 9227 -12490 -22646 -15626 -41485 27851 1479 -42191 11461 26647 23232 -1903 -8591 -15231 5300
15075 -44453 -6292 21793 -38865 13529 44098 20302 -39071 -49406 -28175 -31358 22531 41861 2795 22536 -48038 -17496 -37813 38652
33324 5804 -11375 -20833 26853 12167 8545 19739 -31510 45497 17872 40984 28184 -36998 -23289 -43741 49943 24117 -15002 -37748
-40905 -49572 -13626 -20309 -9798 14080 38702 -24462 2811 -37712 -6387 19949 36090 27393 -1695 19285 -26617 -39798 377 43149
-40111 20426 17659 -7454 18817 13092 45757 -23006 18204 -22143 11145 7468 -36382 3530 -9478 -26797 5730 9797 -37937 11219
2869 -31846 -30012 17981 -32096 6618 -10654 25915 48006 25594 17669 9195 -49338 11298 28461 -26646 822 46908 -9395 45972
-11045 15389 -28398 11109 35050 -41661 10942 -26878 -40555 -19742 5785 -11427 -49048 -31735 29404 -1381 -35830 3998 35284 31630
-14847 -22774 39191 47815 -9857 -23726 -44220 29572 32471 -14074 -14324 36411 -35349 -41747 -37276 -36202 9268 -10959 -16591 -18825