6558 25835 -23005 -40615 45830 5149 26130 -36230 -47663 5636 22357 10444 33146 -46879 -15952 45268 15771 -32358 45433 8296
-4398 -14368 -34758 -45540 -11887 -35146 24274 -10329 -34146 19475 -44335 30367 41591 15222 -18502 -43539 -25970 -35695 -8096 16648
-27251 25158 25497 -5301 -19150 -4102 -33505 -18830 14267 -1915 48663 -37327 21180 -20709 -22174 43481 -3290 -33859 -3766 -36202
-42426 4193 9439 18624 -6992 -21295 29131 -3353 -29209 -35438 -15804 -22386 45070 1703 -26075 -9084 -36283 34230 -15182 13841
-42767 -19113 14652 -45864 -48104 -23624 -45832 -5814 -46579 -24815 28308 -35791 -23892 38510 14288 -7522 23319 39571 -16386 -13781
-47334 -8141 14084 9550 -3592 -43040 -37669 20689 43740 -13399 -1902 -12804 44568 -32302 -13570 38082 -24129 -22945 8806 15648
33312 43320 -14829 3474 29647 -49513 12452 -10525 -12962 -9504 -27558 32848 -11260 38152 38350 30188 -39553 43767 -34587 -25841
-15651 -13286 -48328 40663 -23333 44439 12636 45339 17158 1923 -26977 -13186 -4983 14242 14680 -18408 -25962 37658 -46226 -43036
-4296 -39753 -2522 -35640 17314 2236 -1274 3427 -21921 -29047 -25148 -44766 49645 -46240 29026 -35482 -43514 -33115 29424 -42145
-37447 6814 -45918 -25423 -38033 28275 5569 9574 -25956 1334 30851 1089 22489 37866 39005 -42288 1065 -43503 -9452 -6320
384 -19050 -19567 -11668 23600 -17283 46947 7607 43717 -26813 -47448 -122 23167 -37875 -44712 -39055 -30409 42909 4004 23155
34120 -32532 -13713 26560 7161 35634 -26076 -31906 41869 8734 -4820 17165 -28423 -47343 22665 19469 -43767 19703 22135 2812
-28270 -32224 -43713 35107 31327 -31700 -31636 23440 34938 6156 -14083 -16145 13884 -36130 -29087 -7661 25934 46452 6187 -39963
-42155 49857 -12933 333 -8412 -40594 -33480 20678 17385 3896 3082 -28250 23152 -28718 -8410 7478 31371 -8487 16713 -40488
-39516 17952 23117 -19446 -2246 44624 -52 16235 -39099 -1190 -19760 -22065 5383 20123 -8521 27534 -5454 22320 43065 -24326
17691 -2992 -27396 14281 -13283 -35309 -16315 47456 -28150 24937 20882 -727 30378 13534 -43111 15065 -13175 49530 -48860 45401
2797 21261 -24453 -3299 -35526 32700 19693 -17830 -7105 30747 -49208 4826 19654 12200 49462 3183 28837 24212 -49546 -45678
39056 4610 6270 -4734 -23129 -36436 -42954 1853 12995 917 -4592 17104 5476 30249 47660 46863 -10493 30522 -27271 16542
33011 -5027 -7049 11071 6203 25451 35750 -49349 2851 13603 -25571 3757 434 44318 -20322 -20250 -22702 25997 -22032 2786
30532 26152 16454 -18565 -26734 7035 44411 49612 -32275 14240 33022 -18183 -36582 -7513 33512 -8323 40530 -16053 17331 -13360
-5650 -45759 46425 -33161 4191 13916 35376 10182 -34856 3292 -21344 38822 19186 -25190 -24957 5993 6725 31455 2868 8968
20849 2941 -44466 -39034 -7457 -21892 -4734 -35739 -22407 -44533 4499 31944 -33440 3147 1031 25682 16517 -48889 -31186 14424
18937 -8394 -43386 -21499 -34732 -37931 -47931 -32420 32206 -26341 31450 3585 15215 33570 4704 -31652 19557 -34433 -8995 -42900
-31631 22926 34918 30811 44681 -49680 -2335 3010 -14995 -41118 17209 24976 -46145 47183 10075 -41382 -11898 29775 -17764 -41477
24899 -39246 12166 -41790 -38215 7478 5527 -30870 -9545 -48849 -44373 31510 -28249 22986 3979 -47557 -1358 -9576 34042 49651
-22840 -8693 8390 -7949 -43067 -11101 17697 10228 -47075 9213 -19169 -39635 16989 12873 6473 -19165 -7880 -28602 -6027 -27422
-19469 -45738 49509 13451 -46329 -5217 -10120 -39839 41898 40935 -26272 21338 34118 -42786 47204 -41435 27299 3158 -44731 -24196
33781 4204 -24320 -3317 41501 15934 22515 -10628 -15568 -15660 46903 -36507 5024 -31895 -10192 35627 34765 1062 47876 26984
-21077 -8532 -7155 35810 -25763 6785 33576 -32290 30139 340 -18929 -10355 40056 -31777 -43063 -2007 -11895 20477 -13812 9453
17261 -10397 -35080 33537 -38013 47140 -248 -23846 39315 14576 38194 -29601 -47069 -40383 4053 33017 -10133 38283 -47359 10803
29574 23875 6412 -19212 43238 -36591 45080 -25827 -47818 10553 34105 -44324 -34919 -43933 -13373 6495 29027 3485 1226 29894
-46622 -14381 -12170 21033 5504 32219 9589 -17217 13892 -26851 18709 35019 5347 47688 42031 -10933 6978 -2424 -14513 44175
-23703 -30509 28079 28126 -43992 35222 -29848 -6333 31900 -40803 38720 -47567 -38390 44772 47427 -40311 -48032 32279 -17590 42673
-3859 -26161 16637 46439 31381 25737 25263 -7901 -15906 18534 -4978 40381 -25589 -47191 42070 17116 -26246 5238 29841 -25681
-6898 -43748 -28400 48647 -45871 38749 7310 13065 5120 34575 -10339 20916 38255 -10316 -29894 4093 -5869 12206 10575 10625
12221 -2494 -28586 -22947 30556 -574 25110 -51 -4133 4096 15868 -17076 -15344 5468 17494 -22593 -30999 29000 -27025 -25002
14189 -29353 -32737 -15715 -43082 -38221 -29620 37714 47424 5006 23135 -22444 -35934 33609 43007 10895 40443 35431 30544 43021
-36864 -33153 -12081 22625 -21029 30332 32677 -38193 -7504 -44112 -14372 -7724 12786 -43053 37977 -47148 -47881 27592 13844 -38492
-28069 -5172 -42804 37234 -5922 45007 -7061 -48779 -11530 -22616 25507 -38723 48548 28326 49763 -24331 -39151 -31135 -26603 16837
27760 24888 43576 -32667 28404 18775 -45490 -28188 -8849 -8161 -7893 37684 -34374 -43575 -3922 -8793 -40440 3220 15108 1317
37187 -27372 -27761 9531 666
22274 31407 -7845 17636 22880
4076 -22440 -2250 3438 11507
-2965 -35560 45642 -41405 43950
48362 -48250 32719 43286 -22507
36678 -21550 -24299 -18773 21733
43353 32498 -18366 46711 -25890
-30065 -23669 -24895 -43085 -48230
8100 -6193 3944 16325 39741
-2133 11134 21212 -22795 11569
-31966 -20727 41844 38616 -48676
38708 -43430 35127 38410 -11562
35781 19910 36396 -17370 21757
-47246 44836 22897 29566 -38059
-23709 -35255 -34238 -10941 -1401
9738 -5919 -46367 -29927 37830
-47768 -47364 -9818 -7063 -34834
-28853 -6430 47775 45783 49507
35180 8610 -6201 -31764 -16625
-42753 -4121 -22638 31411 44856