-10163 -11082 -49889 41416 -22062
-19204 -23636 -20839 -45401 8255
-26523 -47448 -15469 3598 12479
44576 -14390 32265 27968 21851
-47772 40585 -25927 -30989 -38598
744 -47793 34307 40372 35880
30794 -17135 -12531 3574 -31222
7355 -11808 9544 -7949 40911
48426 7324 -19077 22056 -38014
31221 38464 33381 -15371 21953
-49508 -3698 -42436 39822 39046
15591 -37250 707 19044 -49350
-21312 -22747 36271 -10076 -47074
-40602 -44123 -9897 12599 -39122
-37954 25452 -19510 -23098 -37185
-23961 -8887 23816 -20887 41056
-46903 36553 10765 21025 49090
35412 -34512 31308 27845 33077
33127 -34557 -16325 38109 27581
48275 6757 -17395 -46416 2434