-12478 -27502 -13264 -45329 -33145 38524 4116 16716 33217 -3611 19792 -20616 9841 -3610 4501 5077 -6426 20316 23925 -38123 24319 7263 -35246 8490 26605 14563 16043 30787 23271 32601 33294 -10501 1843 23601 -23864 31389 12323 42378 -20319 22408 -47137 32425 19907 -25182 -44090 31656 -7762 -34168 1867 -661
30857 -16524 3639 -26354 -16279 -20326 -18368 -32310 42977 -45276 -21651 20723 17569 -30395 18227 -10000 1408 6134 25632 -33062 -47315 -47961 49673 31350 -1921 -18955 7180 -23266 -26492 2750 -20394 -42602 22474 28844 25847 -14312 5202 31755 1638 -25279 40488 -10671 8494 4722 -26877 30451 -45297 27049 7314 -49707
-47713 44914 -44943 -40501 11342 14887 47453 -33888 26690 -39131 -43703 -18061 -19784 26980 20491 -12162 9670 -43675 12377 -19628 -952 25163 10925 31798 14988 -18260 -497 47964 39707 -6110 -9403 -30882 -23441 -24460 -44553 17093 -10270 15979 10332 43538 -736 -31410 9653 -9760 -27566 -35410 -49348 -47084 42364 37097
-3219 10450 -16526 11538 -42822 6144 -37342 -35074 3492 43254 -35198 40695 45246 38068 -23917 -44002 -28217 -37456 -15196 -37245 -6729 46811 -2262 21986 -46352 -30584 -26705 -24022 -25222 -5023 -37931 26555 25448 24222 -24030 -24918 -38173 -587 -43999 -21170 -17826 -6830 16599 35723 -39000 -40749 3704 -12063 21424 -48326
45922 -2841 11321 6257 -23091 -33466 33377 12283 -22480 -4482 34163 6743 -23215 -35733 27517 38762 -23621 -37541 26596 27359 -32698 -47727 48643 -17194 42554 -1603 -32588 -2365 19067 7911 -21457 -35032 45498 -46738 34583 -22254 25125 -31206 24102 27304 -16155 -19901 -11928 35393 2055 2216 -23282 -6383 13099 7956
-19476 -44117 49109 -18245 -17738 48180 6528 -11713 -14509 -30766 -30540 15496 -17374 18437 21603 -39869 -48510 -43915 -35154 -20291 31583 6191 26702 9934 10104 -45711 -20530 -18655 -40034 3018 -26287 -29548 -27902 -3185 12892 22381 -20671 23432 2697 8397 -16424 49385 -33256 18004 -10454 -6652 27028 42490 45154 39522
-42707 -41177 35946 18115 -5603 -28682 -47942 -45563 2618 2341 18960 -4248 -26694 39285 14214 -31812 43534 -27000 -45062 21374 -10521 14043 -34385 -38134 15386 -15531 -37021 20318 29640 -26128 14018 44172 -13703 -39595 -9816 -16823 -22764 -30531 -10280 7809 -49997 -18939 17918 -23348 22371 30828 42756 41651 -1182 11591
-12605 -8166 -27634 -981 -29743 105 -47785 -5 -3425 -46509 46290 -41932 -45148 12651 10004 -15679 1268 35108 -22553 -37957 -47488 18068 -5218 33342 17305 -21210 42797 22092 -13502 29931 23065 22493 -25039 49764 -3858 17660 45047 36001 -26811 49769 45142 -45933 -5076 22895 -16952 -35465 -33969 42229 16753 -22274
-42810 5334 -5082 20369 -32854 31286 15216 -33723 -407 20963 24415 -23054 17567 -38677 5694 -29142 -38443 -21843 10011 -48636 10388 -12845 33844 -30845 -13472 -3459 39783 11575 -30306 1811 17279 12912 -29400 -30564 35580 36709 -43881 -7640 -38491 30444 26824 -36216 31719 16812 18611 48389 25155 -19083 90 20858
-34601 -5568 19046 4473 -43842 -4468 -44338 2780 35780 25552 15277 24494 47069 9279 20637 -49066 -14225 5800 -11838 -10122 -29996 -5199 34536 -812 28400 27948 -39610 -31200 -39488 -8624 16577 -33895 -16907 27360 -26256 32665 30197 -14978 26617 -46547 -12085 -14027 338 -12788 19036 -3808 19020 -2359 -30198 26240
-47415 21100 31047 -41125 5240 -5668 27628 -40115 8475 -20944 35983 -23146 -10129 -21353 -1260 -34052 -39108 -26052 6574 7785 -19812 38495 -13742 25121 -29052 27186 38267 1948 -40434 -8107 -35418 32815 4918 -39974 42335 -45487 41915 -3427 -15341 49468 -19766 7621 -20868 12715 34496 36347 -22611 32336 -32766 -21229
37977 -18797 12103 49826 30904 5665 48564 -44150 -13213 6198 18476 40535 29368 -35670 -19105 49049 2569 17950 18796 14408 34777 5199 -33263 -23613 -35869 43110 22916 -8519 3624 -15287 -17536 21556 -41737 -6108 30929 47220 -34323 44931 13508 -568 29760 26438 11377 42457 36783 -6911 -28560 -945 22438 -34803
-43594 25075 -18915 32593 -29795 44435 43610 -40497 44954 -17379 22360 2675 -13882 6626 46178 -33814 -15556 15383 -604 27737 46828 -283 31368 -43952 -10421 28691 -19322 41548 -4306 24170 -33079 5818 48555 13880 46945 25339 43784 13023 38453 -5093 -13907 -33002 18511 -23745 36366 44169 -48637 -25565 33525 37333
-15847 -32917 18630 -47039 -49723 -11771 24361 -37863 35902 43125 7839 46133 -36424 4010 9511 -29848 37421 48090 -34672 37296 -40239 48746 -29270 13646 39573 -30374 -23014 23202 -34454 30190 20386 41629 -20259 30196 -25913 -42234 12015 8893 30659 -42169 -33063 -45967 41295 16404 12189 -28186 11853 -43057 7605 -25916
42498 37420 37436 -6792 34787 -11636 49908 -19328 41015 2248 48286 38571 -13283 49893 -5340 47020 46882 -16909 -48701 -7513 49008 35287 -27574 -41647 22530 38527 10717 -48744 -29146 -33268 -32405 15587 4353 -20741 4373 -37713 32023 34289 27373 -49143 -24363 37339 -49575 -30826 30676 9712 40363 49323 -24832 14410
8431 -31447 19958 44683 -35488 -5591 48266 43494 -42720 -26784 -26545 -6967 6087 -36901 -18238 -11355 -42205 -38425 41856 -11386 41710 18996 25572 28353 -17376 -23000 -35126 -27553 18471 9369 -29970 32196 -48081 -25933 -9713 34995 -41429 -26333 -9175 45911 43477 -38330 27654 -49704 2113 -18338 48692 33235 -19399 37951
22566 -34720 35431 -17824 27104 -38102 36971 26563 -14087 -29862 -17811 -18330 -41125 7482 -24004 33957 35997 15780 -18637 -35311 -26575 3822 26776 -5587 -42414 39247 21562 46296 -14114 -43580 -32998 42685 -12859 3862 -10021 32891 24390 9229 -44848 18758 1307 30598 2676 -15692 -9915 23264 -30738 -1232 -29977 -44475
46228 33799 -26115 -15032 -22903 2220 -12689 -48945 -24736 -23837 38224 -4056 13363 18661 -46528 25993 -30571 -30505 39533 -27800 18765 6154 45 -22300 27521 -5978 21774 44198 3302 31864 -10917 -16228 -37420 -26304 -33698 23499 42956 40402 -37900 -7116 -26727 470 46359 1905 -24491 -13529 -20457 -32097 -44243 19013
-40541 46918 15281 -13130 -16247 34811 -29839 26558 -22573 4680 7358 -14275 -7804 -24245 13121 3751 -24121 -12741 23569 -10844 -18209 47425 -47137 -24357 10286 -15629 12804 40450 7703 -1426 -24830 4398 -41064 24778 28506 10980 2682 -8212 37333 36670 7378 3907 -1919 -44953 31777 12996 37739 -36793 42687 -4578
5913 5069 -6955 38089 -27427 31976 32162 -30510 -24892 -6107 -41281 45828 -38225 19227 -38067 19123 29050 -4205 48621 -9789 -2437 -20608 48231 11890 -14962 8014 -4582 17359 29089 13889 46865 -32566 23743 -41151 9513 39163 -38882 -21762 -25450 40658 5168 32421 -22991 -7933 -44814 -14704 14802 -10202 24331 48014